HMMER3/f [3.1b2 | February 2015]
NAME  tuneFamily-1
LENG  32
ALPH  music
RF    no
MM    no
CONS  yes
CS    no
MAP   yes
DATE  Mon Apr 13 15:36:20 2015
NSEQ  36
EFFN  36.000000
CKSUM 3709360173
STATS LOCAL MSV       30.7568  0.69315
STATS LOCAL VITERBI   -7.0396  0.69315
STATS LOCAL FORWARD   -4.8904  0.69315
HMM          A        B        C        D        E        F        G        H        I        J        K        L        M        N        O        P        Q        R        S        T        U        V        W   
            m->m     m->i     m->d     i->m     i->i     d->m     d->d
  COMPO  12.92958  4.97343  9.42390  8.52925  7.12733  3.83403  3.60615  3.78218  2.16419  1.69472  3.04872  1.80051  3.14364  2.16583  2.49157  2.59130  2.46152  4.93265  7.17261  9.42390  7.82524  9.51973 12.97404
          9.74877  7.91445  6.24308  5.34844  3.94652  6.13785  3.48894  3.47869  2.97898  1.72739  2.67039  1.48109  2.95448  1.91648  2.81611  3.20018  2.96569  6.42907  3.99179  6.24308  4.64467  6.33892  9.79322
          0.09638  5.94542  2.41617  1.46634  0.26236  0.00000        *
      1  14.17907 12.34475 10.67338  9.77874  8.37682 10.56815  7.91924  7.90899  0.44784  6.15769  7.10069  1.04300  7.38478  6.34678  7.24641  7.63048  7.39599 10.85937  8.42209 10.67338  9.07497 10.76922 14.22352      1 I - - -
          9.74877  7.91445  6.24308  5.34844  3.94652  6.13785  3.48894  3.47869  2.97898  1.72739  2.67039  1.48109  2.95448  1.91648  2.81611  3.20018  2.96569  6.42907  3.99179  6.24308  4.64467  6.33892  9.79322
          0.00575  5.85479  5.85479  1.46634  0.26236  0.05700  2.89310
      2  14.27442 12.44010 10.76873  9.87409  8.47217 10.66350  8.01459  8.00434  1.49211  6.25304  7.19604  1.67694  7.48013  6.44213  0.54302  7.72583  7.49134 10.95472  8.51744 10.76873  9.17032 10.86457 14.31887      2 O - - -
          9.74877  7.91445  6.24308  5.34844  3.94652  6.13785  3.48894  3.47869  2.97898  1.72739  2.67039  1.48109  2.95448  1.91648  2.81611  3.20018  2.96569  6.42907  3.99179  6.24308  4.64467  6.33892  9.79322
          0.00525  5.94542  5.94542  1.46634  0.26236  1.09861  0.40547
      3  14.27442 12.44010 10.76873  9.87409  8.47217 10.66350  8.01459  8.00434  7.50463  6.25304  7.19604  6.00674  7.48013  6.44213  7.34176  7.72583  0.01032 10.95472  8.51744 10.76873  9.17032 10.86457 14.31887      3 Q - - -
          9.74877  7.91445  6.24308  5.34844  3.94652  6.13785  3.48894  3.47869  2.97898  1.72739  2.67039  1.48109  2.95448  1.91648  2.81611  3.20018  2.96569  6.42907  3.99179  6.24308  4.64467  6.33892  9.79322
          0.00525  5.94542  5.94542  1.46634  0.26236  1.09861  0.40547
      4  14.27442 12.44010 10.76873  9.87409  8.47217 10.66350  1.23845  8.00434  7.50463  1.48602  7.19604  6.00674  7.48013  0.74041  7.34176  7.72583  7.49134 10.95472  8.51744 10.76873  9.17032 10.86457 14.31887      4 n - - -
          9.74877  7.91445  6.24308  5.34844  3.94652  6.13785  3.48894  3.47869  2.97898  1.72739  2.67039  1.48109  2.95448  1.91648  2.81611  3.20018  2.96569  6.42907  3.99179  6.24308  4.64467  6.33892  9.79322
          0.00525  5.94542  5.94542  1.46634  0.26236  1.09861  0.40547
      5  14.27442 12.44010 10.76873  9.87409  8.47217 10.66350  8.01459  8.00434  7.50463  0.73972  7.19604  1.48365  7.48013  6.44213  7.34176  1.23807  7.49134 10.95472  8.51744 10.76873  9.17032 10.86457 14.31887      5 j - - -
          9.74877  7.91445  6.24308  5.34844  3.94652  6.13785  3.48894  3.47869  2.97898  1.72739  2.67039  1.48109  2.95448  1.91648  2.81611  3.20018  2.96569  6.42907  3.99179  6.24308  4.64467  6.33892  9.79322
          0.00525  5.94542  5.94542  1.46634  0.26236  1.09861  0.40547
      6  14.27442 12.44010 10.76873  9.87409  8.47217 10.66350  8.01459  8.00434  7.50463  0.92051  0.52167  6.00674  7.48013  6.44213  7.34176  7.72583  7.49134 10.95472  8.51744 10.76873  9.17032 10.86457 14.31887      6 K - - -
          9.74877  7.91445  6.24308  5.34844  3.94652  6.13785  3.48894  3.47869  2.97898  1.72739  2.67039  1.48109  2.95448  1.91648  2.81611  3.20018  2.96569  6.42907  3.99179  6.24308  4.64467  6.33892  9.79322
          0.00525  5.94542  5.94542  1.46634  0.26236  1.09861  0.40547
      7  14.27442 12.44010 10.76873  9.87409  8.47217  0.74371  8.01459  1.23844  7.50463  6.25304  2.13532  2.21318  7.48013  6.44213  7.34176  7.72583  7.49134 10.95472  8.51744 10.76873  9.17032 10.86457 14.31887      7 f - - -
          9.74877  7.91445  6.24308  5.34844  3.94652  6.13785  3.48894  3.47869  2.97898  1.72739  2.67039  1.48109  2.95448  1.91648  2.81611  3.20018  2.96569  6.42907  3.99179  6.24308  4.64467  6.33892  9.79322
          0.14228  5.94542  2.04019  1.46634  0.26236  1.09861  0.40547
      8  14.13089 12.29657 10.62520  9.73055  8.32864 10.51997  7.87106  7.86081  1.18158  6.10950  1.99179  0.60039  7.33659  6.29860  7.19823  7.58230  7.34781 10.81118  8.37391 10.62520  9.02679 10.72103 14.17534      8 L - - -
          9.74877  7.91445  6.24308  5.34844  3.94652  6.13785  3.48894  3.47869  2.97898  1.72739  2.67039  1.48109  2.95448  1.91648  2.81611  3.20018  2.96569  6.42907  3.99179  6.24308  4.64467  6.33892  9.79322
          0.00602  5.80916  5.80916  1.46634  0.26236  0.03948  3.25157
      9  14.27442 12.44010 10.76873  9.87409  8.47217 10.66350  8.01459  8.00434  7.50463  6.25304  7.19604  0.34635  2.13689  6.44213  1.78640  7.72583  7.49134 10.95472  8.51744 10.76873  9.17032 10.86457 14.31887      9 L - - -
          9.74877  7.91445  6.24308  5.34844  3.94652  6.13785  3.48894  3.47869  2.97898  1.72739  2.67039  1.48109  2.95448  1.91648  2.81611  3.20018  2.96569  6.42907  3.99179  6.24308  4.64467  6.33892  9.79322
          0.00525  5.94542  5.94542  1.46634  0.26236  1.09861  0.40547
     10  14.27442 12.44010 10.76873  9.87409  8.47217 10.66350  8.01459  8.00434  1.43013  6.25304  7.19604  6.00674  7.48013  0.28497  7.34176  7.72583  7.49134 10.95472  8.51744 10.76873  9.17032 10.86457 14.31887     10 N - - -
          9.74880  7.91448  6.24311  5.34847  3.94655  6.13789  3.48897  3.47872  2.97901  1.72742  2.67042  1.48112  2.95433  1.91651  2.81594  3.20021  2.96572  6.42910  3.99182  6.24311  4.64370  6.33895  9.79325
          0.39503  1.12787  5.94542  0.01610  4.13726  1.09861  0.40547
     11  14.27442 12.44010 10.76873  9.87409  8.47217 10.66350  8.01459  8.00434  7.50463  6.25304  7.19604  2.23043  7.48013  6.44213  7.34176  0.42683  7.49134  1.46087  8.51744 10.76873  9.17032 10.86457 14.31887     12 P - - -
          9.74877  7.91445  6.24308  5.34844  3.94652  6.13785  3.48894  3.47869  2.97898  1.72739  2.67039  1.48109  2.95448  1.91648  2.81611  3.20018  2.96569  6.42907  3.99179  6.24308  4.64467  6.33892  9.79322
          0.00525  5.94542  5.94542  1.46634  0.26236  1.09861  0.40547
     12  14.27442 12.44010 10.76873  9.87409  8.47217  1.49446  8.01459  8.00434  7.50463  0.54082  7.19604  1.67694  7.48013  6.44213  7.34176  7.72583  7.49134 10.95472  8.51744 10.76873  9.17032 10.86457 14.31887     13 J - - -
          9.74877  7.91445  6.24308  5.34844  3.94652  6.13785  3.48894  3.47869  2.97898  1.72739  2.67039  1.48109  2.95448  1.91648  2.81611  3.20018  2.96569  6.42907  3.99179  6.24308  4.64467  6.33892  9.79322
          0.00525  5.94542  5.94542  1.46634  0.26236  1.09861  0.40547
     13  14.27442 12.44010 10.76873  9.87409  8.47217 10.66350  8.01459  8.00434  7.50463  1.13907  7.19604  0.80052  7.48013  6.44213  7.34176  1.49260  7.49134 10.95472  8.51744 10.76873  9.17032 10.86457 14.31887     14 l - - -
          9.74879  7.91447  6.24310  5.34845  3.94654  6.13787  3.48896  3.47870  2.97900  1.72740  2.67041  1.48110  2.95449  1.91650  2.81587  3.20019  2.96571  6.42908  3.99181  6.24310  4.64469  6.33893  9.79324
          0.17944  1.82238  5.94542  0.03208  3.45548  1.09861  0.40547
     14  14.27442 12.44010 10.76873  9.87409  8.47217 10.66350  1.78830  8.00434  7.50463  0.19336  7.19604  6.00674  7.48013  6.44213  7.34176  7.72583  7.49134 10.95472  8.51744 10.76873  9.17032 10.86457 14.31887     16 J - - -
          9.74877  7.91445  6.24308  5.34844  3.94652  6.13785  3.48894  3.47869  2.97898  1.72739  2.67039  1.48109  2.95448  1.91648  2.81611  3.20018  2.96569  6.42907  3.99179  6.24308  4.64467  6.33892  9.79322
          0.00525  5.94542  5.94542  1.46634  0.26236  1.09861  0.40547
     15  14.27442 12.44010 10.76873  9.87409  8.47217 10.66350  8.01459  8.00434  0.15547  6.25304  2.00651  6.00674  7.48013  6.44213  7.34176  7.72583  7.49134 10.95472  8.51744 10.76873  9.17032 10.86457 14.31887     17 I - - -
          9.74877  7.91445  6.24308  5.34844  3.94652  6.13785  3.48894  3.47869  2.97898  1.72739  2.67039  1.48109  2.95448  1.91648  2.81611  3.20018  2.96569  6.42907  3.99179  6.24308  4.64467  6.33892  9.79322
          0.00525  5.94542  5.94542  1.46634  0.26236  1.09861  0.40547
     16  14.27442 12.44010 10.76873  9.87409  8.47217 10.66350  8.01459  8.00434  7.50463  6.25304  7.19604  6.00674  7.48013  6.44213  0.01023  7.72583  7.49134 10.95472  8.51744 10.76873  9.17032 10.86457 14.31887     18 O - - -
          9.74877  7.91445  6.24308  5.34844  3.94652  6.13785  3.48894  3.47869  2.97898  1.72739  2.67039  1.48109  2.95448  1.91648  2.81611  3.20018  2.96569  6.42907  3.99179  6.24308  4.64467  6.33892  9.79322
          0.00525  5.94542  5.94542  1.46634  0.26236  1.09861  0.40547
     17  14.27442 12.44010 10.76873  9.87409  8.47217 10.66350  8.01459  8.00434  0.35903  6.25304  7.19604  1.22474  7.48013  6.44213  7.34176  7.72583  7.49134 10.95472  8.51744 10.76873  9.17032 10.86457 14.31887     19 I - - -
          9.74877  7.91445  6.24308  5.34844  3.94652  6.13785  3.48894  3.47869  2.97898  1.72739  2.67039  1.48109  2.95448  1.91648  2.81611  3.20018  2.96569  6.42907  3.99179  6.24308  4.64467  6.33892  9.79322
          0.00525  5.94542  5.94542  1.46634  0.26236  1.09861  0.40547
     18  14.27442 12.44010 10.76873  9.87409  8.47217 10.66350  8.01459  8.00434  7.50463  6.25304  7.19604  1.22474  7.48013  6.44213  0.35889  7.72583  7.49134 10.95472  8.51744 10.76873  9.17032 10.86457 14.31887     20 O - - -
          9.74877  7.91445  6.24308  5.34844  3.94652  6.13785  3.48894  3.47869  2.97898  1.72739  2.67039  1.48109  2.95448  1.91648  2.81611  3.20018  2.96569  6.42907  3.99179  6.24308  4.64467  6.33892  9.79322
          0.00525  5.94542  5.94542  1.46634  0.26236  1.09861  0.40547
     19  14.27442 12.44010 10.76873  9.87409  8.47217 10.66350  8.01459  8.00434  7.50463  6.25304  7.19604  6.00674  7.48013  6.44213  7.34176  7.72583  0.01032 10.95472  8.51744 10.76873  9.17032 10.86457 14.31887     21 Q - - -
          9.74877  7.91445  6.24308  5.34844  3.94652  6.13785  3.48894  3.47869  2.97898  1.72739  2.67039  1.48109  2.95448  1.91648  2.81611  3.20018  2.96569  6.42907  3.99179  6.24308  4.64467  6.33892  9.79322
          0.00525  5.94542  5.94542  1.46634  0.26236  1.09861  0.40547
     20  14.27442 12.44010 10.76873  9.87409  8.47217 10.66350  8.01459  8.00434  7.50463  6.25304  7.19604  6.00674  7.48013  6.44213  7.34176  0.01044  7.49134 10.95472  8.51744 10.76873  9.17032 10.86457 14.31887     22 P - - -
          9.74877  7.91445  6.24308  5.34844  3.94652  6.13785  3.48894  3.47869  2.97898  1.72739  2.67039  1.48109  2.95448  1.91648  2.81611  3.20018  2.96569  6.42907  3.99179  6.24308  4.64467  6.33892  9.79322
          0.36474  5.94542  1.19401  1.46634  0.26236  1.09861  0.40547
     21  13.89566 12.06134 10.38997  9.49532  8.09341 10.28474  7.63583  7.62558  7.12587  1.07392  6.81728  0.43243  7.10137  6.06337  6.96300  7.34707  7.11258 10.57596  8.13868 10.38997  8.79156 10.48580 13.94011     23 L - - -
          9.74879  7.91447  6.24310  5.34845  3.94654  6.13787  3.48896  3.47870  2.97900  1.72732  2.67041  1.48110  2.95449  1.91650  2.81613  3.20019  2.96571  6.42908  3.99181  6.24310  4.64469  6.33893  9.79324
          0.26760  1.46515  5.58819  0.03208  3.45548  0.01713  4.07539
     22  14.27442 12.44010 10.76873  9.87409  8.47217 10.66350  8.01459  8.00434  7.50463  0.00894  7.19604  6.00674  7.48013  6.44213  7.34176  7.72583  7.49134 10.95472  8.51744 10.76873  9.17032 10.86457 14.31887     25 J - - -
          9.74877  7.91445  6.24308  5.34844  3.94652  6.13785  3.48894  3.47869  2.97898  1.72739  2.67039  1.48109  2.95448  1.91648  2.81611  3.20018  2.96569  6.42907  3.99179  6.24308  4.64467  6.33892  9.79322
          0.00525  5.94542  5.94542  1.46634  0.26236  1.09861  0.40547
     23  14.27442 12.44010 10.76873  9.87409  8.47217 10.66350  2.25046  8.00434  0.91759  0.71919  7.19604  6.00674  7.48013  6.44213  7.34176  7.72583  7.49134 10.95472  8.51744 10.76873  9.17032 10.86457 14.31887     26 j - - -
          9.74877  7.91445  6.24308  5.34844  3.94652  6.13785  3.48894  3.47869  2.97898  1.72739  2.67039  1.48109  2.95448  1.91648  2.81611  3.20018  2.96569  6.42907  3.99179  6.24308  4.64467  6.33892  9.79322
          0.00525  5.94542  5.94542  1.46634  0.26236  1.09861  0.40547
     24  14.27442  1.49455 10.76873  9.87409  8.47217 10.66350  8.01459  8.00434  1.34161  6.25304  7.19604  6.00674  7.48013  2.30356  7.34176  7.72583  0.90091 10.95472  8.51744 10.76873  9.17032 10.86457 14.31887     27 q - - -
          9.74877  7.91445  6.24308  5.34844  3.94652  6.13785  3.48894  3.47869  2.97898  1.72739  2.67039  1.48109  2.95448  1.91648  2.81611  3.20018  2.96569  6.42907  3.99179  6.24308  4.64467  6.33892  9.79322
          0.00525  5.94542  5.94542  1.46634  0.26236  1.09861  0.40547
     25  14.27442 12.44010 10.76873  9.87409  8.47217 10.66350  8.01459  8.00434  7.50463  1.99781  7.19604  0.98697  7.48013  1.19623  7.34176  7.72583  1.68718 10.95472  8.51744 10.76873  9.17032 10.86457 14.31887     28 l - - -
          9.74877  7.91445  6.24308  5.34844  3.94652  6.13785  3.48894  3.47869  2.97898  1.72739  2.67039  1.48109  2.95448  1.91648  2.81611  3.20018  2.96569  6.42907  3.99179  6.24308  4.64467  6.33892  9.79322
          0.00525  5.94542  5.94542  1.46634  0.26236  1.09861  0.40547
     26  14.27442 12.44010 10.76873  9.87409  8.47217 10.66350  8.01459  8.00434  2.00799  1.77881  7.19604  1.23112  1.49205  6.44213  1.74097  7.72583  7.49134 10.95472  8.51744 10.76873  9.17032 10.86457 14.31887     29 l - - -
          9.74877  7.91445  6.24308  5.34844  3.94652  6.13785  3.48894  3.47869  2.97898  1.72739  2.67039  1.48109  2.95448  1.91648  2.81611  3.20018  2.96569  6.42907  3.99179  6.24308  4.64467  6.33892  9.79322
          0.00525  5.94542  5.94542  1.46634  0.26236  1.09861  0.40547
     27  14.27442 12.44010 10.76873  9.87409  8.47217 10.66350  8.01459  8.00434  7.50463  0.51110  1.78580  6.00674  7.48013  1.48749  7.34176  7.72583  7.49134 10.95472  8.51744 10.76873  9.17032 10.86457 14.31887     30 J - - -
          9.74877  7.91445  6.24308  5.34844  3.94652  6.13785  3.48894  3.47869  2.97898  1.72739  2.67039  1.48109  2.95448  1.91648  2.81611  3.20018  2.96569  6.42907  3.99179  6.24308  4.64467  6.33892  9.79322
          0.00525  5.94542  5.94542  1.46634  0.26236  1.09861  0.40547
     28  14.27442 12.44010 10.76873  9.87409  8.47217 10.66350  1.27278  8.00434  7.50463  6.25304  1.68614  1.77563  7.48013  6.44213  7.34176  1.49260  2.00794 10.95472  8.51744 10.76873  9.17032 10.86457 14.31887     31 g - - -
          9.74877  7.91445  6.24308  5.34844  3.94652  6.13785  3.48894  3.47869  2.97898  1.72739  2.67039  1.48109  2.95448  1.91648  2.81611  3.20018  2.96569  6.42907  3.99179  6.24308  4.64467  6.33892  9.79322
          0.00525  5.94542  5.94542  1.46634  0.26236  1.09861  0.40547
     29  14.27442 12.44010 10.76873  9.87409  8.47217 10.66350  8.01459  0.89364  7.50463  6.25304  2.00651  0.80052  7.48013  6.44213  7.34176  7.72583  7.49134 10.95472  8.51744 10.76873  9.17032 10.86457 14.31887     32 l - - -
          9.74877  7.91445  6.24308  5.34844  3.94652  6.13785  3.48894  3.47869  2.97898  1.72739  2.67039  1.48109  2.95448  1.91648  2.81611  3.20018  2.96569  6.42907  3.99179  6.24308  4.64467  6.33892  9.79322
          0.00525  5.94542  5.94542  1.46634  0.26236  1.09861  0.40547
     30  14.27442 12.44010 10.76873  9.87409  8.47217 10.66350  8.01459  8.00434  7.50463  1.19552  7.19604  6.00674  7.48013  0.37086  7.34176  7.72583  7.49134 10.95472  8.51744 10.76873  9.17032 10.86457 14.31887     33 N - - -
          9.74877  7.91445  6.24308  5.34844  3.94652  6.13785  3.48894  3.47869  2.97898  1.72739  2.67039  1.48109  2.95448  1.91648  2.81611  3.20018  2.96569  6.42907  3.99179  6.24308  4.64467  6.33892  9.79322
          0.00525  5.94542  5.94542  1.46634  0.26236  1.09861  0.40547
     31  14.27442 12.44010 10.76873  9.87409  8.47217 10.66350  8.01459  8.00434  7.50463  6.25304  7.19604  6.00674  7.48013  0.00928  7.34176  7.72583  7.49134 10.95472  8.51744 10.76873  9.17032 10.86457 14.31887     34 N - - -
          9.74877  7.91445  6.24308  5.34844  3.94652  6.13785  3.48894  3.47869  2.97898  1.72739  2.67039  1.48109  2.95448  1.91648  2.81611  3.20018  2.96569  6.42907  3.99179  6.24308  4.64467  6.33892  9.79322
          0.00525  5.94542  5.94542  1.46634  0.26236  1.09861  0.40547
     32  14.27442 12.44010 10.76873  9.87409  8.47217 10.66350  8.01459  8.00434  7.50463  6.25304  7.19604  6.00674  0.01032  6.44213  7.34176  7.72583  7.49134 10.95472  8.51744 10.76873  9.17032 10.86457 14.31887     35 M - - -
          9.74877  7.91445  6.24308  5.34844  3.94652  6.13785  3.48894  3.47869  2.97898  1.72739  2.67039  1.48109  2.95448  1.91648  2.81611  3.20018  2.96569  6.42907  3.99179  6.24308  4.64467  6.33892  9.79322
          0.00263  5.94280        *  1.46634  0.26236  0.00000        *
//
